21,27,132,21,157,132,204,21,27,132,160,302,27,157,0,0,0,0,0,0
21,27,132,21,157,132,204,21,27,132,160,302,27,157,0,0,0,0,0,0
207,193,160,204,241,160,225,157,193,190,225,335,193,204,0,0,0,0,0,0
207,193,160,204,241,160,225,157,193,190,225,335,193,204,0,0,0,0,0,0
225,205,190,229,294,190,253,205,207,304,229,342,222,205,0,0,0,0,0,0
225,205,190,229,294,190,253,205,207,304,229,342,222,205,0,0,0,0,0,0
229,222,279,253,335,279,267,302,222,318,241,365,321,207,0,0,0,0,0,0
229,222,279,253,335,279,267,302,222,318,241,365,321,207,0,0,0,0,0,0
302,241,299,268,426,299,268,335,321,340,253,410,397,267,0,0,0,0,0,0
302,241,299,268,426,299,268,335,321,340,253,410,397,267,0,0,0,0,0,0
342,267,304,292,464,304,292,342,397,376,292,426,411,268,0,0,0,0,0,0
342,267,304,292,464,304,292,342,397,376,292,426,411,268,0,0,0,0,0,0
365,294,318,319,483,318,319,365,411,382,319,448,427,279,0,0,0,0,0,0
365,294,318,319,483,318,319,365,411,382,319,448,427,279,0,0,0,0,0,0
397,321,322,338,509,322,327,410,427,412,327,464,447,294,0,0,0,0,0,0
397,321,322,338,509,322,327,410,427,412,327,464,447,294,0,0,0,0,0,0
411,327,340,410,513,340,338,426,447,490,338,470,488,299,0,0,0,0,0,0
411,327,340,410,513,340,338,426,447,490,338,470,488,299,0,0,0,0,0,0
427,382,357,452,514,357,409,448,488,532,439,483,501,322,0,0,0,0,0,0
427,382,357,452,514,357,409,448,488,532,439,483,501,322,0,0,0,0,0,0
448,409,374,463,526,374,439,464,501,546,452,509,502,357,0,0,0,0,0,0
448,409,374,463,526,374,439,464,501,546,452,509,502,357,0,0,0,0,0,0
488,412,376,470,562,376,452,483,502,566,463,526,510,374,0,0,0,0,0,0
488,412,376,470,562,376,452,483,502,566,463,526,510,374,0,0,0,0,0,0
501,439,486,481,573,486,463,509,510,574,481,539,515,382,0,0,0,0,0,0
501,439,486,481,573,486,463,509,510,574,481,539,515,382,0,0,0,0,0,0
502,447,490,492,591,490,470,526,515,583,486,573,534,409,0,0,0,0,0,0
502,447,490,492,591,490,470,526,515,583,486,573,534,409,0,0,0,0,0,0
539,513,507,503,610,507,481,539,534,592,492,591,543,412,0,0,0,0,0,0
539,513,507,503,610,507,481,539,534,592,492,591,543,412,0,0,0,0,0,0
544,514,510,524,612,515,492,573,543,608,503,617,544,507,0,0,0,0,0,0
544,514,510,524,612,515,492,573,543,608,503,617,544,507,0,0,0,0,0,0
575,534,543,540,621,546,503,591,544,623,513,621,555,514,0,0,0,0,0,0
575,534,543,540,621,546,503,591,544,623,513,621,555,514,0,0,0,0,0,0
582,555,546,557,627,566,524,617,555,627,540,638,575,524,0,0,0,0,0,0
582,555,546,557,627,566,524,617,555,627,540,638,575,524,0,0,0,0,0,0
622,562,566,579,648,592,532,621,562,632,557,651,582,532,0,0,0,0,0,0
622,562,566,579,648,592,532,621,562,632,557,651,582,532,0,0,0,0,0,0
627,583,592,589,652,633,540,638,575,633,579,656,622,574,0,0,0,0,0,0
627,583,592,589,652,633,540,638,575,633,579,656,622,574,0,0,0,0,0,0
638,610,632,590,657,684,557,651,582,646,589,657,652,583,0,0,0,0,0,0
638,610,632,590,657,684,557,651,582,646,589,657,652,583,0,0,0,0,0,0
646,612,661,601,663,704,574,656,622,661,590,663,658,608,0,0,0,0,0,0
646,612,661,601,663,704,574,656,622,661,590,663,658,608,0,0,0,0,0,0
651,623,684,615,664,717,579,657,648,717,601,664,678,612,0,0,0,0,0,0
651,623,684,615,664,717,579,657,648,717,601,664,678,612,0,0,0,0,0,0
656,648,704,617,678,725,589,663,658,725,610,671,689,615,0,0,0,0,0,0
656,648,704,617,678,725,589,663,658,725,610,671,689,615,0,0,0,0,0,0
676,652,717,636,681,732,590,664,689,731,636,676,698,623,0,0,0,0,0,0
676,652,717,636,681,732,590,664,689,731,636,676,698,623,0,0,0,0,0,0
708,658,725,637,690,734,601,671,698,745,637,681,708,632,0,0,0,0,0,0
708,658,725,637,690,734,601,671,698,745,637,681,708,632,0,0,0,0,0,0
731,678,732,642,707,742,608,676,708,746,642,707,720,633,0,0,0,0,0,0
731,678,732,642,707,742,608,676,708,746,642,707,720,633,0,0,0,0,0,0
760,690,734,647,723,745,615,681,720,749,647,723,733,646,0,0,0,0,0,0
760,690,734,647,723,745,615,681,720,749,647,723,733,646,0,0,0,0,0,0
764,698,745,660,733,746,636,707,728,760,660,726,742,661,0,0,0,0,0,0
764,698,745,660,733,746,636,707,728,760,660,726,742,661,0,0,0,0,0,0
778,720,746,671,789,749,637,723,742,768,675,778,764,684,0,0,0,0,0,0
778,720,746,671,789,749,637,723,742,768,675,778,764,684,0,0,0,0,0,0
801,726,749,675,800,769,642,726,764,769,690,789,801,728,0,0,0,0,0,0
801,726,749,675,800,769,642,726,764,769,690,789,801,728,0,0,0,0,0,0
807,728,769,689,805,787,647,778,801,786,704,800,804,729,0,0,0,0,0,0
807,728,769,689,805,787,647,778,801,786,704,800,804,729,0,0,0,0,0,0
823,733,787,729,818,798,660,789,804,787,732,807,823,731,0,0,0,0,0,0
823,733,787,729,818,798,660,789,804,787,732,807,823,731,0,0,0,0,0,0
834,768,798,752,824,817,675,800,823,815,752,818,828,734,0,0,0,0,0,0
834,768,798,752,824,817,675,800,823,815,752,818,828,734,0,0,0,0,0,0
839,786,804,755,835,821,729,807,828,817,770,824,842,755,0,0,0,0,0,0
839,786,804,755,835,821,729,807,828,817,770,824,842,755,0,0,0,0,0,0
850,805,815,760,842,839,752,818,835,821,782,832,851,768,0,0,0,0,0,0
850,805,815,760,842,839,752,818,835,821,782,832,851,768,0,0,0,0,0,0
864,824,817,770,857,844,755,832,844,861,795,850,869,786,0,0,0,0,0,0
864,824,817,770,857,844,755,832,844,861,795,850,869,786,0,0,0,0,0,0
875,828,821,782,858,861,770,850,863,866,805,857,878,798,0,0,0,0,0,0
875,828,821,782,858,861,770,850,863,866,805,857,878,798,0,0,0,0,0,0
887,832,861,795,863,866,782,851,865,871,816,868,887,815,0,0,0,0,0,0
887,832,861,795,863,866,782,851,865,871,816,868,887,815,0,0,0,0,0,0
905,835,866,816,865,869,795,857,887,875,827,897,888,834,0,0,0,0,0,0
905,835,866,816,865,869,795,857,887,875,827,897,888,834,0,0,0,0,0,0
911,842,869,827,878,888,816,868,896,889,839,899,896,844,0,0,0,0,0,0
911,842,869,827,878,888,816,868,896,889,839,899,896,844,0,0,0,0,0,0
916,851,871,834,897,893,827,882,900,893,849,911,900,858,0,0,0,0,0,0
916,851,871,834,897,893,827,882,900,893,849,911,900,858,0,0,0,0,0,0
919,858,882,849,899,900,849,899,905,906,862,917,905,863,0,0,0,0,0,0
919,858,882,849,899,900,849,899,905,906,862,917,905,863,0,0,0,0,0,0
923,865,888,862,902,913,862,911,916,919,872,923,916,864,0,0,0,0,0,0
923,865,888,862,902,913,862,911,916,919,872,923,916,864,0,0,0,0,0,0
938,868,913,864,917,921,872,917,920,921,880,931,928,871,0,0,0,0,0,0
938,868,913,864,917,921,872,917,920,921,880,931,928,871,0,0,0,0,0,0
947,878,921,872,920,936,880,923,928,929,902,938,957,875,0,0,0,0,0,0
947,878,921,872,920,936,880,923,928,929,902,938,957,875,0,0,0,0,0,0
960,893,929,880,931,940,889,931,935,936,910,947,966,882,0,0,0,0,0,0
960,893,929,880,931,940,889,931,935,936,910,947,966,882,0,0,0,0,0,0
964,896,936,910,935,954,910,938,957,940,922,953,987,889,0,0,0,0,0,0
964,896,936,910,935,954,910,938,957,940,922,953,987,889,0,0,0,0,0,0
967,897,940,922,965,966,922,947,966,946,926,965,993,906,0,0,0,0,0,0
967,897,940,922,965,966,922,947,966,946,926,965,993,906,0,0,0,0,0,0
987,902,949,926,968,969,926,953,968,949,937,985,995,913,0,0,0,0,0,0
987,902,949,926,968,969,926,953,968,949,937,985,995,913,0,0,0,0,0,0
989,906,954,937,977,971,937,965,987,954,950,989,1002,919,0,0,0,0,0,0
989,906,954,937,977,971,937,965,987,954,950,989,1002,919,0,0,0,0,0,0
995,920,957,945,985,978,945,985,993,964,960,998,1003,929,0,0,0,0,0,0
995,920,957,945,985,978,945,985,993,964,960,998,1003,929,0,0,0,0,0,0
998,928,969,950,1001,984,950,989,995,967,970,1009,1004,945,0,0,0,0,0,0
998,928,969,950,1001,984,950,989,995,967,970,1009,1004,945,0,0,0,0,0,0
1003,935,971,960,1006,992,970,998,1002,969,975,1019,1023,946,0,0,0,0,0,0
1003,935,971,960,1006,992,970,998,1002,969,975,1019,1023,946,0,0,0,0,0,0
1017,946,978,970,1009,996,975,1009,1003,992,977,1027,1029,949,0,0,0,0,0,0
1017,946,978,970,1009,996,975,1009,1003,992,977,1027,1029,949,0,0,0,0,0,0
1039,953,984,975,1019,1005,979,1017,1004,996,979,1032,1043,964,0,0,0,0,0,0
1039,953,984,975,1019,1005,979,1017,1004,996,979,1032,1043,964,0,0,0,0,0,0
1043,968,993,979,1023,1018,980,1019,1023,1000,980,1037,1051,967,0,0,0,0,0,0
1043,968,993,979,1023,1018,980,1019,1023,1000,980,1037,1051,967,0,0,0,0,0,0
1056,977,996,980,1027,1024,990,1027,1043,1006,990,1039,1056,971,0,0,0,0,0,0
1056,977,996,980,1027,1024,990,1027,1043,1006,990,1039,1056,971,0,0,0,0,0,0
1059,992,1005,990,1032,1028,999,1037,1051,1011,1001,1059,1057,978,0,0,0,0,0,0
1059,992,1005,990,1032,1028,999,1037,1051,1011,1001,1059,1057,978,0,0,0,0,0,0
1062,1001,1018,999,1037,1029,1000,1039,1056,1018,1005,1060,1062,984,0,0,0,0,0,0
1062,1001,1018,999,1037,1029,1000,1039,1056,1018,1005,1060,1062,984,0,0,0,0,0,0
1067,1002,1024,1014,1057,1033,1014,1059,1062,1026,1014,1066,1067,999,0,0,0,0,0,0
1067,1002,1024,1014,1057,1033,1014,1059,1062,1026,1014,1066,1067,999,0,0,0,0,0,0
1073,1004,1028,1017,1066,1038,1034,1060,1067,1028,1034,1072,1073,1000,0,0,0,0,0,0
1073,1004,1028,1017,1066,1038,1034,1060,1067,1028,1034,1072,1073,1000,0,0,0,0,0,0
1078,1006,1033,1034,1072,1040,1041,1066,1073,1033,1041,1079,1084,1011,0,0,0,0,0,0
1078,1006,1033,1034,1072,1040,1041,1066,1073,1033,1041,1079,1084,1011,0,0,0,0,0,0
1084,1011,1038,1041,1076,1044,1046,1072,1084,1040,1046,1081,1087,1024,0,0,0,0,0,0
1084,1011,1038,1041,1076,1044,1046,1072,1084,1040,1046,1081,1087,1024,0,0,0,0,0,0
1087,1026,1040,1046,1081,1048,1052,1079,1087,1044,1061,1094,1090,1026,0,0,0,0,0,0
1087,1026,1040,1046,1081,1048,1052,1079,1087,1044,1061,1094,1090,1026,0,0,0,0,0,0
1095,1029,1044,1060,1094,1051,1061,1081,1090,1052,1065,1111,1096,1038,0,0,0,0,0,0
1095,1029,1044,1060,1094,1051,1061,1081,1090,1052,1065,1111,1096,1038,0,0,0,0,0,0
1098,1032,1048,1061,1119,1055,1065,1094,1096,1055,1071,1113,1121,1048,0,0,0,0,0,0
1098,1032,1048,1061,1119,1055,1065,1094,1096,1055,1071,1113,1121,1048,0,0,0,0,0,0
1101,1057,1055,1065,1120,1088,1071,1111,1117,1068,1076,1114,1135,1052,0,0,0,0,0,0
1101,1057,1055,1065,1120,1088,1071,1111,1117,1068,1076,1114,1135,1052,0,0,0,0,0,0
1111,1068,1088,1071,1147,1090,1078,1113,1121,1091,1078,1116,1136,1068,0,0,0,0,0,0
1111,1068,1088,1071,1147,1090,1078,1113,1121,1091,1078,1116,1136,1068,0,0,0,0,0,0
1113,1076,1092,1086,1155,1092,1086,1114,1135,1095,1086,1119,1139,1091,0,0,0,0,0,0
1113,1076,1092,1086,1155,1092,1086,1114,1135,1095,1086,1119,1139,1091,0,0,0,0,0,0
1114,1079,1108,1093,1164,1096,1093,1116,1136,1097,1088,1120,1168,1095,0,0,0,0,0,0
1114,1079,1108,1093,1164,1096,1093,1116,1136,1097,1088,1120,1168,1095,0,0,0,0,0,0
1121,1091,1117,1098,1179,1108,1097,1119,1139,1115,1092,1133,1175,1097,0,0,0,0,0,0
1121,1091,1117,1098,1179,1108,1097,1119,1139,1115,1092,1133,1175,1097,0,0,0,0,0,0
1133,1116,1131,1104,1188,1131,1101,1120,1168,1131,1093,1138,1196,1104,0,0,0,0,0,0
1133,1116,1131,1104,1188,1131,1101,1120,1168,1131,1093,1138,1196,1104,0,0,0,0,0,0
1139,1137,1141,1118,1207,1141,1104,1133,1175,1156,1098,1147,1201,1115,0,0,0,0,0,0
1139,1137,1141,1118,1207,1141,1104,1133,1175,1156,1098,1147,1201,1115,0,0,0,0,0,0
1168,1155,1156,1132,1217,1156,1115,1138,1179,1171,1101,1164,1207,1117,0,0,0,0,0,0
1168,1155,1156,1132,1217,1156,1115,1138,1179,1171,1101,1164,1207,1117,0,0,0,0,0,0
1175,1171,1172,1135,1218,1172,1118,1147,1196,1172,1108,1197,1235,1137,0,0,0,0,0,0
1175,1171,1172,1135,1218,1172,1118,1147,1196,1172,1108,1197,1235,1137,0,0,0,0,0,0
1183,1179,1177,1136,1226,1177,1132,1164,1201,1177,1118,1204,1240,1155,0,0,0,0,0,0
1183,1179,1177,1136,1226,1177,1132,1164,1201,1177,1118,1204,1240,1155,0,0,0,0,0,0
1196,1207,1184,1138,1238,1184,1137,1188,1217,1180,1132,1209,1241,1171,0,0,0,0,0,0
1196,1207,1184,1138,1238,1184,1137,1188,1217,1180,1132,1209,1241,1171,0,0,0,0,0,0
1201,1217,1197,1142,1242,1195,1142,1204,1235,1184,1141,1229,1250,1180,0,0,0,0,0,0
1201,1217,1197,1142,1242,1195,1142,1204,1235,1184,1141,1229,1250,1180,0,0,0,0,0,0
1204,1218,1211,1143,1250,1197,1143,1209,1240,1195,1142,1238,1255,1188,0,0,0,0,0,0
1204,1218,1211,1143,1250,1197,1143,1209,1240,1195,1142,1238,1255,1188,0,0,0,0,0,0
1209,1226,1216,1157,1254,1211,1157,1229,1255,1216,1143,1242,1256,1195,0,0,0,0,0,0
1209,1226,1216,1157,1254,1211,1157,1229,1255,1216,1143,1242,1256,1195,0,0,0,0,0,0
1233,1240,1219,1167,1261,1216,1167,1238,1256,1219,1157,1251,1266,1211,0,0,0,0,0,0
1233,1240,1219,1167,1261,1216,1167,1238,1256,1219,1157,1251,1266,1211,0,0,0,0,0,0
1256,1250,1220,1173,1269,1219,1173,1242,1266,1220,1167,1254,1276,1223,0,0,0,0,0,0
1256,1250,1220,1173,1269,1219,1173,1242,1266,1220,1167,1254,1276,1223,0,0,0,0,0,0
1257,1251,1223,1178,1277,1220,1178,1251,1276,1227,1173,1269,1280,1226,0,0,0,0,0,0
1257,1251,1223,1178,1277,1220,1178,1251,1276,1227,1173,1269,1280,1226,0,0,0,0,0,0
1260,1261,1227,1183,1289,1223,1180,1254,1280,1228,1178,1281,1287,1245,0,0,0,0,0,0
1260,1261,1227,1183,1289,1223,1180,1254,1280,1228,1178,1281,1287,1245,0,0,0,0,0,0
1276,1266,1228,1187,1291,1227,1187,1269,1287,1236,1183,1289,1300,1246,0,0,0,0,0,0
1276,1266,1228,1187,1291,1227,1187,1269,1287,1236,1183,1289,1300,1246,0,0,0,0,0,0
1280,1271,1229,1189,1303,1228,1189,1281,1291,1257,1187,1294,1304,1253,0,0,0,0,0,0
1280,1271,1229,1189,1303,1228,1189,1281,1291,1257,1187,1294,1304,1253,0,0,0,0,0,0
1281,1277,1231,1194,1306,1235,1194,1289,1300,1260,1189,1299,1306,1257,0,0,0,0,0,0
1281,1277,1231,1194,1306,1235,1194,1289,1300,1260,1189,1299,1306,1257,0,0,0,0,0,0
1286,1291,1236,1198,1308,1236,1198,1294,1304,1262,1194,1303,1312,1260,0,0,0,0,0,0
1286,1291,1236,1198,1308,1236,1198,1294,1304,1262,1194,1303,1312,1260,0,0,0,0,0,0
1290,1300,1241,1200,1314,1241,1200,1299,1306,1271,1198,1314,1318,1267,0,0,0,0,0,0
1290,1300,1241,1200,1314,1241,1200,1299,1306,1271,1198,1314,1318,1267,0,0,0,0,0,0
1294,1308,1245,1208,1335,1245,1208,1303,1308,1272,1200,1317,1321,1271,0,0,0,0,0,0
1294,1308,1245,1208,1335,1245,1208,1303,1308,1272,1200,1317,1321,1271,0,0,0,0,0,0
1299,1314,1246,1212,1336,1246,1212,1317,1312,1278,1208,1328,1324,1273,0,0,0,0,0,0
1299,1314,1246,1212,1336,1246,1212,1317,1312,1278,1208,1328,1324,1273,0,0,0,0,0,0
1305,1318,1262,1221,1339,1255,1221,1328,1318,1283,1212,1330,1335,1277,0,0,0,0,0,0
1305,1318,1262,1221,1339,1255,1221,1328,1318,1283,1212,1330,1335,1277,0,0,0,0,0,0
1312,1321,1267,1237,1343,1262,1231,1330,1321,1286,1218,1342,1338,1286,0,0,0,0,0,0
1312,1321,1267,1237,1343,1262,1231,1330,1321,1286,1218,1342,1338,1286,0,0,0,0,0,0
1317,1328,1272,1249,1344,1267,1233,1342,1324,1290,1221,1344,1339,1290,0,0,0,0,0,0
1317,1328,1272,1249,1344,1267,1233,1342,1324,1290,1221,1344,1339,1290,0,0,0,0,0,0
1330,1331,1273,1253,1346,1272,1237,1344,1339,1301,1231,1346,1353,1296,0,0,0,0,0,0
1330,1331,1273,1253,1346,1272,1237,1344,1339,1301,1231,1346,1353,1296,0,0,0,0,0,0
1348,1335,1278,1263,1347,1273,1249,1346,1353,1305,1233,1347,1359,1301,0,0,0,0,0,0
1348,1335,1278,1263,1347,1273,1249,1346,1353,1305,1233,1347,1359,1301,0,0,0,0,0,0
1350,1336,1283,1274,1352,1278,1253,1347,1359,1309,1237,1352,1370,1305,0,0,0,0,0,0
1350,1336,1283,1274,1352,1278,1253,1347,1359,1309,1237,1352,1370,1305,0,0,0,0,0,0
1353,1337,1288,1279,1357,1283,1263,1352,1370,1313,1249,1357,1372,1320,0,0,0,0,0,0
1353,1337,1288,1279,1357,1283,1263,1352,1370,1313,1249,1357,1372,1320,0,0,0,0,0,0
1359,1342,1296,1284,1362,1296,1274,1357,1372,1320,1261,1363,1373,1329,0,0,0,0,0,0
1359,1342,1296,1284,1362,1296,1274,1357,1372,1320,1261,1363,1373,1329,0,0,0,0,0,0
1363,1343,1301,1287,1372,1304,1279,1363,1373,1331,1263,1367,1375,1331,0,0,0,0,0,0
1363,1343,1301,1287,1372,1304,1279,1363,1373,1331,1263,1367,1375,1331,0,0,0,0,0,0
1367,1354,1309,1293,1381,1309,1284,1367,1375,1332,1274,1383,1384,1336,0,0,0,0,0,0
1367,1354,1309,1293,1381,1309,1284,1367,1375,1332,1274,1383,1384,1336,0,0,0,0,0,0
1373,1362,1313,1298,1383,1313,1288,1383,1381,1337,1279,1390,1385,1337,0,0,0,0,0,0
1373,1362,1313,1298,1383,1313,1288,1383,1381,1337,1279,1390,1385,1337,0,0,0,0,0,0
1384,1381,1320,1302,1390,1324,1293,1390,1384,1343,1284,1396,1386,1350,0,0,0,0,0,0
1384,1381,1320,1302,1390,1324,1293,1390,1384,1343,1284,1396,1386,1350,0,0,0,0,0,0
1385,1391,1332,1310,1391,1332,1298,1396,1385,1350,1288,1399,1391,1354,0,0,0,0,0,0
1385,1391,1332,1310,1391,1332,1298,1396,1385,1350,1288,1399,1391,1354,0,0,0,0,0,0
1392,1393,1338,1316,1396,1355,1302,1399,1386,1354,1293,1404,1392,1362,0,0,0,0,0,0
1392,1393,1338,1316,1396,1355,1302,1399,1386,1354,1293,1404,1392,1362,0,0,0,0,0,0
1399,1398,1355,1329,1398,1361,1310,1402,1392,1355,1298,1409,1402,1369,0,0,0,0,0,0
1399,1398,1355,1329,1398,1361,1310,1402,1392,1355,1298,1409,1402,1369,0,0,0,0,0,0
1402,1405,1361,1356,1409,1369,1316,1404,1405,1361,1302,1413,1405,1393,0,0,0,0,0,0
1402,1405,1361,1356,1409,1369,1316,1404,1405,1361,1302,1413,1405,1393,0,0,0,0,0,0
1404,1410,1369,1375,1417,1370,1329,1409,1408,1376,1310,1423,1408,1398,0,0,0,0,0,0
1404,1410,1369,1375,1417,1370,1329,1409,1408,1376,1310,1423,1408,1398,0,0,0,0,0,0
1408,1417,1374,1386,1429,1376,1338,1413,1410,1378,1316,1426,1421,1406,0,0,0,0,0,0
1408,1417,1374,1386,1429,1376,1338,1413,1410,1378,1316,1426,1421,1406,0,0,0,0,0,0
1413,1422,1376,1387,1435,1378,1348,1421,1417,1382,1348,1429,1425,1410,0,0,0,0,0,0
1413,1422,1376,1387,1435,1378,1348,1421,1417,1382,1348,1429,1425,1410,0,0,0,0,0,0
1416,1425,1378,1389,1450,1382,1356,1426,1425,1393,1356,1431,1432,1416,0,0,0,0,0,0
1416,1425,1378,1389,1450,1382,1356,1426,1425,1393,1356,1431,1432,1416,0,0,0,0,0,0
1418,1433,1382,1395,1451,1394,1374,1429,1432,1394,1374,1435,1433,1418,0,0,0,0,0,0
1418,1433,1382,1395,1451,1394,1374,1429,1432,1394,1374,1435,1433,1418,0,0,0,0,0,0
1421,1441,1394,1407,1456,1400,1387,1431,1433,1400,1387,1456,1441,1422,0,0,0,0,0,0
1421,1441,1394,1407,1456,1400,1387,1431,1433,1400,1387,1456,1441,1422,0,0,0,0,0,0
1426,1450,1400,1416,1459,1403,1389,1435,1441,1403,1389,1458,1444,1439,0,0,0,0,0,0
1426,1450,1400,1416,1459,1403,1389,1435,1441,1403,1389,1458,1444,1439,0,0,0,0,0,0
1431,1453,1403,1437,1462,1406,1395,1439,1444,1418,1395,1459,1453,1450,0,0,0,0,0,0
1431,1453,1403,1437,1462,1406,1395,1439,1444,1418,1395,1459,1453,1450,0,0,0,0,0,0
1432,1456,1406,1442,1465,1419,1407,1451,1453,1419,1407,1462,1465,1451,0,0,0,0,0,0
1432,1456,1406,1442,1465,1419,1407,1451,1453,1419,1407,1462,1465,1451,0,0,0,0,0,0
1439,1463,1419,1449,1473,1423,1437,1458,1465,1422,1437,1475,1471,1452,0,0,0,0,0,0
1439,1463,1419,1449,1473,1423,1437,1458,1465,1422,1437,1475,1471,1452,0,0,0,0,0,0
1444,1470,1423,1458,1475,1436,1442,1459,1471,1436,1442,1482,1477,1454,0,0,0,0,0,0
1444,1470,1423,1458,1475,1436,1442,1459,1471,1436,1442,1482,1477,1454,0,0,0,0,0,0
1454,1471,1436,1481,1480,1448,1449,1462,1477,1448,1449,1488,1480,1460,0,0,0,0,0,0
1454,1471,1436,1481,1480,1448,1449,1462,1477,1448,1449,1488,1480,1460,0,0,0,0,0,0
1467,1473,1448,1484,1482,1460,1452,1475,1480,1452,1473,1491,1489,1467,0,0,0,0,0,0
1467,1473,1448,1484,1482,1460,1452,1475,1480,1452,1473,1491,1489,1467,0,0,0,0,0,0
1477,1478,1460,1490,1485,1463,1470,1482,1485,1454,1484,1499,1494,1470,0,0,0,0,0,0
1477,1478,1460,1490,1485,1463,1470,1482,1485,1454,1484,1499,1494,1470,0,0,0,0,0,0
1481,1485,1469,1492,1491,1469,1483,1488,1494,1463,1492,1502,1497,1478,0,0,0,0,0,0
1481,1485,1469,1492,1491,1469,1483,1488,1494,1463,1492,1502,1497,1478,0,0,0,0,0,0
1484,1488,1486,1501,1499,1486,1490,1491,1497,1467,1501,1507,1506,1481,0,0,0,0,0,0
1484,1488,1486,1501,1499,1486,1490,1491,1497,1467,1501,1507,1506,1481,0,0,0,0,0,0
1497,1494,1489,1505,1502,1489,1492,1499,1506,1469,1505,1511,1512,1483,0,0,0,0,0,0
1497,1494,1489,1505,1502,1489,1492,1499,1506,1469,1505,1511,1512,1483,0,0,0,0,0,0
1507,1495,1500,1509,1511,1500,1501,1502,1512,1478,1509,1516,1517,1490,0,0,0,0,0,0
1507,1495,1500,1509,1511,1500,1501,1502,1512,1478,1509,1516,1517,1490,0,0,0,0,0,0
1512,1504,1508,1510,1513,1506,1505,1507,1517,1483,1510,1536,1520,1495,0,0,0,0,0,0
1512,1504,1508,1510,1513,1506,1505,1507,1517,1483,1510,1536,1520,1495,0,0,0,0,0,0
1516,1513,1514,1515,1518,1508,1509,1511,1520,1486,1515,1544,1521,1500,0,0,0,0,0,0
1516,1513,1514,1515,1518,1508,1509,1511,1520,1486,1515,1544,1521,1500,0,0,0,0,0,0
1521,1517,1519,1542,1531,1514,1510,1516,1521,1495,1533,1550,1525,1504,0,0,0,0,0,0
1521,1517,1519,1542,1531,1514,1510,1516,1521,1495,1533,1550,1525,1504,0,0,0,0,0,0
1525,1518,1522,1546,1536,1519,1515,1536,1525,1504,1542,1557,1530,1513,0,0,0,0,0,0
1525,1518,1522,1546,1536,1519,1515,1536,1525,1504,1542,1557,1530,1513,0,0,0,0,0,0
1530,1520,1527,1550,1551,1522,1533,1544,1530,1508,1546,1560,1538,1518,0,0,0,0,0,0
1530,1520,1527,1550,1551,1522,1533,1544,1530,1508,1546,1560,1538,1518,0,0,0,0,0,0
1533,1526,1532,1559,1553,1527,1542,1550,1538,1514,1556,1567,1539,1522,0,0,0,0,0,0
1533,1526,1532,1559,1553,1527,1542,1550,1538,1514,1556,1567,1539,1522,0,0,0,0,0,0
1544,1531,1540,1566,1555,1532,1546,1557,1539,1519,1563,1574,1548,1526,0,0,0,0,0,0
1544,1531,1540,1566,1555,1532,1546,1557,1539,1519,1563,1574,1548,1526,0,0,0,0,0,0
1548,1538,1541,1572,1560,1541,1556,1560,1548,1526,1566,1588,1558,1531,0,0,0,0,0,0
1548,1538,1541,1572,1560,1541,1556,1560,1548,1526,1566,1588,1558,1531,0,0,0,0,0,0
1556,1539,1554,1582,1567,1554,1559,1567,1553,1527,1572,1591,1561,1540,0,0,0,0,0,0
1556,1539,1554,1582,1567,1554,1559,1567,1553,1527,1572,1591,1561,1540,0,0,0,0,0,0
1561,1549,1558,1584,1576,1558,1566,1574,1555,1532,1586,1592,1568,1541,0,0,0,0,0,0
1561,1549,1558,1584,1576,1558,1566,1574,1555,1532,1586,1592,1568,1541,0,0,0,0,0,0
1568,1553,1563,1587,1590,1563,1572,1588,1561,1540,1587,1594,1569,1549,0,0,0,0,0,0
1568,1553,1563,1587,1590,1563,1572,1588,1561,1540,1587,1594,1569,1549,0,0,0,0,0,0
1569,1555,1565,1589,1592,1565,1580,1589,1568,1549,1598,1596,1575,1551,0,0,0,0,0,0
1569,1555,1565,1589,1592,1565,1580,1589,1568,1549,1598,1596,1575,1551,0,0,0,0,0,0
1574,1557,1571,1598,1599,1571,1587,1591,1569,1551,1600,1599,1584,1559,0,0,0,0,0,0
1574,1557,1571,1598,1599,1571,1587,1591,1569,1551,1600,1599,1584,1559,0,0,0,0,0,0
1575,1570,1577,1600,1601,1577,1595,1596,1575,1554,1611,1601,1590,1565,0,0,0,0,0,0
1575,1570,1577,1600,1601,1577,1595,1596,1575,1554,1611,1601,1590,1565,0,0,0,0,0,0
1591,1576,1580,1602,1616,1586,1598,1599,1584,1570,1612,1603,1604,1570,0,0,0,0,0,0
1591,1576,1580,1602,1616,1586,1598,1599,1584,1570,1612,1603,1604,1570,0,0,0,0,0,0
1592,1585,1586,1612,1626,1594,1600,1601,1590,1571,1621,1607,1613,1576,0,0,0,0,0,0
1592,1585,1586,1612,1626,1594,1600,1601,1590,1571,1621,1607,1613,1576,0,0,0,0,0,0
1594,1596,1588,1615,1631,1597,1602,1626,1604,1577,1622,1614,1618,1580,0,0,0,0,0,0
1594,1596,1588,1615,1631,1597,1602,1626,1604,1577,1622,1614,1618,1580,0,0,0,0,0,0
1603,1613,1597,1622,1636,1603,1611,1631,1613,1582,1625,1616,1624,1582,0,0,0,0,0,0
1603,1613,1597,1622,1636,1603,1611,1631,1613,1582,1625,1616,1624,1582,0,0,0,0,0,0
1611,1616,1604,1625,1643,1607,1612,1636,1618,1585,1634,1626,1627,1585,0,0,0,0,0,0
1611,1616,1604,1625,1643,1607,1612,1636,1618,1585,1634,1626,1627,1585,0,0,0,0,0,0
1618,1620,1607,1634,1646,1610,1615,1640,1624,1595,1642,1631,1632,1589,0,0,0,0,0,0
1618,1620,1607,1634,1646,1610,1615,1640,1624,1595,1642,1631,1632,1589,0,0,0,0,0,0
1627,1624,1608,1640,1655,1614,1622,1643,1627,1597,1648,1636,1637,1595,0,0,0,0,0,0
1627,1624,1608,1640,1655,1614,1622,1643,1627,1597,1648,1636,1637,1595,0,0,0,0,0,0
1637,1632,1610,1642,1665,1621,1625,1652,1632,1608,1651,1640,1641,1602,0,0,0,0,0,0
1637,1632,1610,1642,1665,1621,1625,1652,1632,1608,1651,1640,1641,1602,0,0,0,0,0,0
1648,1646,1614,1651,1670,1629,1634,1660,1637,1610,1655,1643,1656,1608,0,0,0,0,0,0
1648,1646,1614,1651,1670,1629,1634,1660,1637,1610,1655,1643,1656,1608,0,0,0,0,0,0
1652,1653,1621,1659,1674,1633,1642,1665,1641,1620,1659,1652,1658,1615,0,0,0,0,0,0
1652,1653,1621,1659,1674,1633,1642,1665,1641,1620,1659,1652,1658,1615,0,0,0,0,0,0
1656,1655,1629,1661,1675,1635,1648,1667,1646,1629,1661,1660,1662,1620,0,0,0,0,0,0
1656,1655,1629,1661,1675,1635,1648,1667,1646,1629,1661,1660,1662,1620,0,0,0,0,0,0
1660,1662,1633,1664,1686,1639,1651,1678,1656,1633,1664,1665,1666,1635,0,0,0,0,0,0
1667,1662,1633,1664,1686,1639,1651,1678,1656,1633,1664,1665,1666,1635,0,0,0,0,0,0
1672,1674,1635,1667,1689,1649,1659,1686,1662,1639,1672,1675,1669,1653,0,0,0,0,0,0
1673,1675,1639,1669,1697,1650,1661,1692,1662,1649,1672,1678,1669,1653,0,0,0,0,0,0
1678,1679,1641,1672,1707,1653,1664,1697,1666,1650,1673,1686,1670,1654,0,0,0,0,0,0
1683,1689,1649,1677,1709,1658,1671,1705,1669,1654,1681,1692,1676,1663,0,0,0,0,0,0
1688,1693,1650,1681,1717,1666,1673,1707,1670,1663,1685,1697,1679,1671,0,0,0,0,0,0
1692,1699,1654,1684,1721,1676,1677,1713,1674,1671,1689,1705,1683,1677,0,0,0,0,0,0
1698,1701,1658,1685,1724,1690,1681,1717,1679,1680,1696,1707,1693,1680,0,0,0,0,0,0
1705,1706,1663,1696,1730,1694,1682,1724,1683,1682,1700,1713,1698,1682,0,0,0,0,0,0
1708,1709,1676,1700,1745,1710,1684,1734,1693,1688,1704,1717,1706,1684,0,0,0,0,0,0
1713,1719,1680,1704,1747,1711,1685,1741,1698,1690,1712,1724,1708,1688,0,0,0,0,0,0
1718,1730,1690,1712,1750,1715,1696,1745,1706,1699,1716,1734,1718,1694,0,0,0,0,0,0
1721,1735,1694,1716,1756,1722,1700,1749,1708,1701,1721,1741,1729,1699,0,0,0,0,0,0
1726,1739,1710,1723,1757,1725,1704,1753,1718,1710,1723,1745,1735,1701,0,0,0,0,0,0
1727,1742,1711,1731,1759,1732,1712,1763,1729,1711,1726,1749,1739,1709,0,0,0,0,0,0
1729,1750,1715,1733,1768,1736,1716,1768,1735,1719,1730,1753,1740,1715,0,0,0,0,0,0
1734,1754,1722,1737,1783,1740,1723,1776,1739,1722,1731,1763,1746,1719,0,0,0,0,0,0
1741,1757,1725,1744,1784,1743,1726,1782,1740,1727,1733,1766,1747,1725,0,0,0,0,0,0
1746,1759,1732,1752,1787,1748,1728,1788,1746,1728,1737,1768,1748,1727,0,0,0,0,0,0
1749,1763,1736,1758,1792,1751,1731,1789,1747,1732,1744,1776,1754,1728,0,0,0,0,0,0
1753,1777,1743,1765,1793,1755,1733,1791,1748,1742,1752,1788,1761,1736,0,0,0,0,0,0
1758,1783,1751,1766,1795,1760,1737,1793,1754,1743,1759,1789,1764,1742,0,0,0,0,0,0
1762,1784,1755,1767,1800,1761,1744,1798,1756,1751,1762,1791,1769,1750,0,0,0,0,0,0
1771,1787,1760,1770,1803,1769,1752,1799,1764,1757,1767,1798,1777,1755,0,0,0,0,0,0
1776,1792,1761,1775,1806,1773,1762,1800,1769,1758,1770,1799,1780,1756,0,0,0,0,0,0
1782,1795,1764,1779,1809,1774,1765,1808,1777,1760,1775,1803,1782,1765,0,0,0,0,0,0
1789,1803,1773,1786,1818,1778,1766,1811,1780,1771,1795,1808,1786,1771,0,0,0,0,0,0
1794,1806,1774,1791,1820,1780,1767,1813,1783,1773,1797,1811,1794,1778,0,0,0,0,0,0
1798,1809,1778,1797,1830,1790,1770,1815,1784,1774,1804,1813,1800,1779,0,0,0,0,0,0
1802,1810,1788,1804,1832,1796,1775,1818,1794,1779,1807,1815,1806,1781,0,0,0,0,0,0
1808,1820,1790,1807,1835,1805,1781,1824,1809,1781,1810,1818,1812,1787,0,0,0,0,0,0
1813,1824,1796,1812,1839,1814,1786,1825,1826,1790,1820,1824,1826,1792,0,0,0,0,0,0
1815,1826,1799,1821,1840,1817,1797,1830,1827,1802,1821,1825,1827,1793,0,0,0,0,0,0
1825,1835,1805,1823,1841,1822,1804,1834,1831,1805,1823,1830,1831,1796,0,0,0,0,0,0
1833,1839,1811,1829,1855,1827,1807,1838,1832,1814,1829,1834,1832,1802,0,0,0,0,0,0
1834,1841,1817,1837,1862,1831,1810,1840,1835,1817,1837,1838,1839,1814,0,0,0,0,0,0
1838,1849,1822,1843,1863,1836,1812,1844,1849,1828,1843,1841,1849,1822,0,0,0,0,0,0
1844,1854,1828,1848,1872,1842,1821,1855,1853,1833,1848,1844,1853,1828,0,0,0,0,0,0
1853,1857,1836,1851,1875,1846,1823,1868,1856,1836,1858,1850,1856,1833,0,0,0,0,0,0
1856,1862,1842,1866,1879,1847,1829,1872,1861,1847,1863,1855,1861,1840,0,0,0,0,0,0
1861,1863,1846,1871,1881,1850,1837,1884,1869,1854,1866,1868,1869,1842,0,0,0,0,0,0
1868,1867,1847,1876,1886,1858,1843,1885,1873,1857,1871,1872,1873,1846,0,0,0,0,0,0
1877,1869,1850,1877,1892,1864,1848,1889,1878,1862,1876,1884,1877,1851,0,0,0,0,0,0
1880,1875,1858,1883,1894,1865,1851,1890,1879,1864,1880,1885,1878,1854,0,0,0,0,0,0
1885,1881,1864,1884,1896,1873,1866,1892,1881,1867,1883,1889,1886,1857,0,0,0,0,0,0
1888,1886,1865,1891,1906,1878,1871,1894,1893,1870,1895,1890,1893,1865,0,0,0,0,0,0
1889,1896,1870,1898,1908,1882,1876,1904,1898,1875,1900,1892,1897,1867,0,0,0,0,0,0
1895,1901,1882,1903,1911,1887,1880,1910,1901,1882,1903,1894,1898,1870,0,0,0,0,0,0
1904,1908,1887,1907,1913,1893,1883,1913,1911,1888,1907,1904,1901,1879,0,0,0,0,0,0
1906,1914,1890,1909,1914,1897,1895,1919,1915,1891,1908,1910,1911,1887,0,0,0,0,0,0
1912,1915,1897,1910,1915,1900,1903,1921,1918,1896,1909,1913,1918,1888,0,0,0,0,0,0
1917,1931,1900,1912,1922,1902,1907,1922,1923,1902,1912,1919,1922,1891,0,0,0,0,0,0
1926,1933,1902,1920,1923,1916,1909,1924,1926,1916,1917,1921,1923,1906,0,0,0,0,0,0
1930,1934,1916,1921,1924,1918,1917,1925,1928,1929,1920,1924,1928,1914,0,0,0,0,0,0
1936,1939,1919,1926,1925,1928,1920,1927,1931,1932,1930,1925,1937,1929,0,0,0,0,0,0
1938,1940,1932,1930,1927,1932,1929,1936,1943,1938,1933,1927,1943,1935,0,0,0,0,0,0
1943,1949,1941,1935,1931,1941,1933,1937,1945,1941,1934,1936,1945,1938,0,0,0,0,0,0
1944,1951,1945,1937,1939,1946,1934,1944,1946,1948,1939,1944,1946,1948,0,0,0,0,0,0
1948,1952,1950,1942,1940,1950,1935,1947,1949,1950,1940,1947,1951,1956,0,0,0,0,0,0
1954,1955,1956,1947,1949,1956,1942,1953,1951,1960,1942,1953,1952,1960,0,0,0,0,0,0
1958,1959,1960,1953,1955,1964,1952,1958,1954,1965,1955,1958,1954,1965,0,0,0,0,0,0
1965,1966,1967,1957,1962,1967,1957,1962,1959,1967,1957,1962,1959,1971,0,0,0,0,0,0
1969,1970,1971,1961,1963,1971,1961,1963,1964,1973,1961,1963,1964,1973,0,0,0,0,0,0
1972,1973,1976,1968,1966,1976,1968,1969,1966,1977,1968,1969,1970,1976,0,0,0,0,0,0
1975,1977,1978,1974,1970,1978,1974,1975,1972,1978,1974,1975,1972,1977,0,0,0,0,0,0